3.716193100000000271e+01
3.716196000000000055e+01
3.716212000000000160e+01
3.716241999999999734e+01
3.716252000000000066e+01
3.716259000000000157e+01
3.716234000000000037e+01
3.716241000000000128e+01
3.716246999999999900e+01
3.716252999999999673e+01
3.716259999999999764e+01
3.716273999999999944e+01
3.716286000000000200e+01
3.716300999999999988e+01
3.716302999999999912e+01
3.716311000000000320e+01
3.716317000000000093e+01
3.716328000000000031e+01
3.716338999999999970e+01
3.716349000000000302e+01
3.716364000000000090e+01
3.716378999999999877e+01
3.716385999999999967e+01
3.716394999999999982e+01
3.716409999999999769e+01
3.716414000000000328e+01
3.716434000000000282e+01
3.716454999999999842e+01
3.716461000000000325e+01
3.716469000000000023e+01
3.716477199999999925e+01
