-3.609646000000000132e+00
-3.609599999999999920e+00
-3.609140000000000015e+00
-3.609119999999999884e+00
-3.609160000000000146e+00
-3.609210000000000029e+00
-3.609970000000000123e+00
-3.609989999999999810e+00
-3.609770000000000145e+00
-3.609579999999999789e+00
-3.609389999999999876e+00
-3.609010000000000051e+00
-3.608719999999999928e+00
-3.608400000000000052e+00
-3.608350000000000168e+00
-3.608429999999999804e+00
-3.608490000000000197e+00
-3.608579999999999899e+00
-3.608670000000000044e+00
-3.608439999999999870e+00
-3.608099999999999863e+00
-3.607759999999999856e+00
-3.607610000000000205e+00
-3.607419999999999849e+00
-3.607120000000000104e+00
-3.607040000000000024e+00
-3.606650000000000134e+00
-3.606780000000000097e+00
-3.606819999999999915e+00
-3.606860000000000177e+00
-3.606656000000000084e+00
